%% compare AM selection results 
% am selection 2
AM2(:,1) = [6	8	3	9	8	3	7	5	2	9	1	3	8	6	1	1	5	3	7	4	1	1	5	13	4];
AM2(:,2) = [11	1	11	11	10	11	10	4	13	16	15	7	18	8	10	21	12	36	17	17	6	9	14	21	8];

% am selection 3 
AM3(:,1) = [6	8	3	9	8	3	7	5	2	9	1	3	8	6	1	1	5	3	6	4	1	4	5	13	4];
AM3(:,2) = [11	1	11	11	10	11	7	4	29	6	15	7	18	8	16	21	11	36	17	17	6	1	14	17	8];

% am selection 4
AM4(:,1) = [6	8	3	9	8	3	7	5	2	9	1	3	8	6	1	1	5	3	6	4	1	1	5	8	4];
AM4(:,2) = [8	1	11	11	24	11	8	4	13	4	15	7	18	8	16	21	12	36	4	17	6	4	14	17	8];


A23 = AM2(:,1) == AM3(:,1);
A24 = AM2(:,1) == AM4(:,1);
A34 = AM3(:,1) == AM4(:,1);

M23 = AM2(:,2) == AM3(:,2);
M24 = AM2(:,2) == AM4(:,2);
M34 = AM3(:,2) == AM4(:,2);